image: map_19_08_2022.pgm
resolution: 0.020000
origin: [-94.2000000, -110.220000, 0.000000]
negate: 0
occupied_thresh: 0.65
free_thresh: 0.196

