image: map.pgm
resolution: 0.020000
origin: [-3.23, -4.95, 0.000000]
#origin: [-5.95, -2.57, 0.000000]
negate: 0
occupied_thresh: 0.65
free_thresh: 0.196

