image: map-2017-11-02.pgm
resolution: 0.012500
origin: [-4.9, -1.9, 0.000000]
negate: 0
occupied_thresh: 0.65
free_thresh: 0.196

