image: map-2017-11-ease-demo.pgm
resolution: 0.012500
origin: [-10.02000, -9.980000, 0.000000]
negate: 0
occupied_thresh: 0.65
free_thresh: 0.196

