image: refills_map.pgm
resolution: 0.010000
origin: [-9.770000, -23.670000, 0.000000]
negate: 0
occupied_thresh: 0.65
free_thresh: 0.196

