image: shelf_map_door_opened.pgm
resolution: 0.010000
origin: [-10.140000, -19.970000, 0.000000]
negate: 0
occupied_thresh: 0.65
free_thresh: 0.196

