image: shelf_map_door_closed.pgm
resolution: 0.010000
origin: [-10.280000, -21.630000, 0.000000]
negate: 0
occupied_thresh: 0.65
free_thresh: 0.196

