image: shelf_map_door_opened.pgm
resolution: 0.010000
origin: [-9.060000, -23.640000, 0.000000]
negate: 0
occupied_thresh: 0.65
free_thresh: 0.196

