image: map-5mm.pgm
resolution: 0.005000
origin: [-6.65, -5.7, 0.000000]
negate: 0
occupied_thresh: 0.65
free_thresh: 0.196

