image: shelf_map.pgm
resolution: 0.010000
origin: [-13.040000, -12.720000, 0.000000]
negate: 0
occupied_thresh: 0.65
free_thresh: 0.196

